0000000000000000000000000000000000000000000000000000000000000000
0000000000000000000000000000000000000000000000000000000000000000
0000000000000000000000000000000000000000000000000000000000000000
0000000000000000000000000000000000000000000000000000000000000000
0000000000000000000000000000000000000000000000000000000000000000
0000000000000000000000000000111111100010000000000000000000000000
0000000000000000000000001111111111111111000000000000000000000000
0000000000000000000000011111111111111111100000000000000000000000
0000000000000000001111111000000000000001111111000000000000000000
0000000000000000011111000000000000000000001111000000000000000000
0000000000000000111110000000000000000000000011111000000000000000
0000000000000011111000000000000000000000000001111000000000000000
0000000000000011110000000000000000000000000000111110000000000000
0000000000000111100000000000000000000000000000011111000000000000
0000000000011110000000000000000000000000000000000011000000000000
0000000000011100000000000000000000000000000000000011110000000000
0000000000111100000000000000000000000000000000000011110000000000
0000000001111000000000000000000000000000000000000001110000000000
0000000011110000000000000000000000000000000000000000111100000000
0000000011100000000000000000000000011111100000000000011100000000
0000000011100000000000000000000000011111111000000000001100000000
0000000011000000001100000000000001111111111111000000001100000000
0000000110000000001100000000000011111111111110000000000100000000
0000001110000000001111000000000011111111111101100000000111000000
0000001110000000001111110000000111111111111111000000000111000000
0000001110000000001111111000000011111111111110000000000111100000
0000001100000000001111111111000011111111111110000000000011000000
0000001100000000000111111111111011111111111110000000000011000000
0000011100000000001011111111111111111111111110000000000011100000
0000011100000000001111111111111111111111111110000000000011100000
0000011100000000001111111111111111111111111100000000000011100000
0000011100000000000111111111111111111111111000000000000011100000
0000011100000000000111111111111111111111111000000000000011100000
0000011100000000000001111111111111111111111000000000000011100000
0000011100000000000001111111111111111111111000000000000011100000
0000001100000000000011111111111111111111110000000000000011000000
0000001100000000000001111111111111111111100000000000000011100000
0000001100000000000001111111111111111111100000000000000011000000
0000011100000000000000011111111111111111100000000000000011000000
0000001110000000000000000111111111111111000000000000000011000000
0000001110000000000000001111111111111100000000000000000110000000
0000000010000000001011111111111111110000000000000000000100000000
0000000011000000011111111111111111110000000000000000001110000000
0000000011000000000011111111111110000000000000000000001100000000
0000000011100000000000111111111000000000000000000000011100000000
0000000011110000000000000000000000000000000000000000111000000000
0000000000111000000000000000000000000000000000000001111000000000
0000000000111100000000000000000000000000000000000001110000000000
0000000000111100000000000000000000000000000000000011110000000000
0000000000001100000000000000000000000000000000000111100000000000
0000000000001111100000000000000000000000000000001110000000000000
0000000000000111110000000000000000000000000000111100000000000000
0000000000000001111000000000000000000000000001111100000000000000
0000000000000001111100000000000000000000000011110000000000000000
0000000000000000001111000000000000000000001111100000000000000000
0000000000000000001111111100000000000010111110000000000000000000
0000000000000000000000011111111111111111101000000000000000000000
0000000000000000000000001111111111111111100000000000000000000000
0000000000000000000000000100111111101000000000000000000000000000
0000000000000000000000000000000000000000000000000000000000000000
0000000000000000000000000000000000000000000000000000000000000000
0000000000000000000000000000000000000000000000000000000000000000
0000000000000000000000000000000000000000000000000000000000000000
0000000000000000000000000000000000000000000000000000000000000000
